=== CONFUSION MATRIX ===
[[4860   89    9    1   24    5   12]
 [ 241  740    0    0    0    0    0]
 [ 124    0 1915    0    0    0    0]
 [ 756    1    0 4240    3    0    0]
 [ 433    0    0    3 4433    0    2]
 [  16    0    0    0    0 4984    0]
 [  33    0    0    0    1    0  399]]

=== CLASSIFICATION REPORT ===
              precision    recall  f1-score   support

           0       0.75      0.97      0.85      5000
           1       0.89      0.75      0.82       981
           2       1.00      0.94      0.97      2039
           3       1.00      0.85      0.92      5000
           4       0.99      0.91      0.95      4871
           5       1.00      1.00      1.00      5000
           6       0.97      0.92      0.94       433

    accuracy                           0.92     23324
   macro avg       0.94      0.91      0.92     23324
weighted avg       0.94      0.92      0.93     23324
